Entity,Code,Year,"Yes, would feel safe",Don't know - self-driving cars question,Refused - self-driving cars question,"No, would not feel safe"
Afghanistan,AFG,2021,43.5,8.3,,48.2
Albania,ALB,2021,17.9,8.2,0.1,73.8
Algeria,DZA,2021,35.2,19,0.1,45.7
Argentina,ARG,2021,33.766235,2.997003,0.4995005,62.737263
Armenia,ARM,2021,19.86028,8.582834,0.5988024,70.958084
Australia,AUS,2021,29.4,1.2,,69.4
Austria,AUT,2021,21,3.3,,75.7
Bangladesh,BGD,2021,34.8,10.1,,55.1
Belgium,BEL,2021,32.867134,6.393606,0.0999001,60.639362
Benin,BEN,2021,17.1,1.6,0.2,81.1
Bolivia,BOL,2021,26.646708,4.491018,0.2994012,68.562874
Bosnia and Herzegovina,BIH,2021,23.6,5.2,,71.2
Brazil,BRA,2021,36.85259,0.69721115,,62.4502
Bulgaria,BGR,2021,37.301586,2.0833333,0.09920635,60.515873
Burkina Faso,BFA,2021,20,3.5,,76.5
Cambodia,KHM,2021,15.3,15.3,,69.4
Cameroon,CMR,2021,16.2,1.6,,82.2
Canada,CAN,2021,27.920792,1.089109,0.0990099,70.89109
Chile,CHL,2021,20.47952,4.2957044,0.2997003,74.92507
China,CHN,2021,33.857143,11.085714,0.114285715,54.942856
Colombia,COL,2021,30.2,1.3,0.1,68.4
Costa Rica,CRI,2021,25.2,3.1,0.2,71.5
Cote d'Ivoire,CIV,2021,21.2,1,,77.8
Croatia,HRV,2021,26.121635,6.4805584,0.0997009,67.2981
Cyprus,CYP,2021,30.921705,6.04559,0.099108025,62.933598
Denmark,DNK,2021,50.1,1.4,,48.5
Dominican Republic,DOM,2021,24.275724,0.7992008,0.8991009,74.02597
Ecuador,ECU,2021,24.075924,2.2977023,0.1998002,73.426575
Egypt,EGY,2021,17.097416,9.343936,0.19880715,73.35984
El Salvador,SLV,2021,16.983017,5.894106,0.1998002,76.92308
Estonia,EST,2021,24.652088,5.367793,,69.98012
Finland,FIN,2021,25.944334,1.7892644,,72.2664
France,FRA,2021,35.1,0.4,,64.5
Gabon,GAB,2021,11.6,1.3,,87.1
Georgia,GEO,2021,20.879122,8.8911085,0.1998002,70.02997
Germany,DEU,2021,27.5,1,,71.5
Ghana,GHA,2021,27,4,0.1,68.9
Greece,GRC,2021,39.5,2.2,,58.3
Guinea,GIN,2021,22.4,5.2,0.2,72.2
Honduras,HND,2021,12.935324,3.5820897,0.39800996,83.08458
Hong Kong,HKG,2021,34.163345,0.2988048,,65.53785
Hungary,HUN,2021,26.6,5.7,0.1,67.6
India,IND,2021,23.666666,7.0666666,0.2,69.066666
Indonesia,IDN,2021,8.184383,4.6095953,,87.206024
Iran,IRN,2021,37.982197,1.8793274,0.19782394,59.94065
Iraq,IRQ,2021,33.03393,1.1976048,,65.76846
Ireland,IRL,2021,29.3,3.8,,66.9
Israel,ISR,2021,29.67033,12.687313,,57.642357
Italy,ITA,2021,42.1,0.5,,57.4
Jamaica,JAM,2021,15.445544,3.3663366,3.3663366,77.821785
Japan,JPN,2021,30.49505,5.0495048,,64.455444
Jordan,JOR,2021,28.27381,3.9682539,,67.757935
Kazakhstan,KAZ,2021,28.9,17.8,1.2,52.1
Kenya,KEN,2021,19.740778,0.2991027,,79.96012
Kosovo,OWID_KOS,2021,27.1,5.6,,67.3
Kyrgyzstan,KGZ,2021,42.357643,11.788212,0.2997003,45.554447
Laos,LAO,2021,23.5,15.9,0.2,60.4
Latvia,LVA,2021,26.396917,3.8535645,,69.74952
Lebanon,LBN,2021,32.475246,3.2673268,,64.25742
Lithuania,LTU,2021,21.449852,16.285997,0.5958292,61.668324
Malaysia,MYS,2021,29.6333,8.126859,0.099108025,62.14073
Mali,MLI,2021,27.6,5.2,,67.2
Malta,MLT,2021,28.571428,2.5974026,0.0999001,68.73127
Mauritius,MUS,2021,20,2.7,,77.3
Mexico,MEX,2021,35.2,2.5,0.3,62
Moldova,MDA,2021,24.3,8.6,0.1,67
Mongolia,MNG,2021,18.8,6.2,0.1,74.9
Morocco,MAR,2021,34.530937,6.786427,0.2994012,58.383232
Mozambique,MOZ,2021,16.8,2.3,,80.9
Myanmar,MMR,2021,21.6,7.7,0.4,70.3
Namibia,NAM,2021,14.442231,0.99601597,,84.56175
Nepal,NPL,2021,36.4,13.4,0.3,49.9
Netherlands,NLD,2021,34.9,0.7,,64.4
New Zealand,NZL,2021,28.4,1.5,0.1,70
Nicaragua,NIC,2021,16.237623,5.1485147,0.6930693,77.92079
Nigeria,NGA,2021,24.9,5.6,0.3,69.2
North Macedonia,MKD,2021,26.347305,6.4870257,0.0998004,67.065865
Norway,NOR,2021,34,0.9,,65.1
Pakistan,PAK,2021,23.8,7.4,0.3,68.5
Panama,PAN,2021,18.743769,1.6949153,0.4985045,79.06281
Paraguay,PRY,2021,10.689311,2.8971028,0.1998002,86.21378
Peru,PER,2021,21.4,2.4,0.1,76.1
Philippines,PHL,2021,13.9,0.3,,85.8
Poland,POL,2021,29.94012,3.6926148,0.1996008,66.16766
Portugal,PRT,2021,33.5,2.9,0.1,63.5
Republic of the Congo,,2021,23.1,5.6,0.1,71.2
Romania,ROU,2021,26.173826,9.39061,0.3996004,64.035965
Russia,RUS,2021,28.585707,1.6491754,,69.765114
Saudi Arabia,SAU,2021,42.300194,1.0721247,,56.62768
Senegal,SEN,2021,23.6,5.4,0.2,70.8
Serbia,SRB,2021,27.245508,4.0918164,0.0998004,68.562874
Sierra Leone,SLE,2021,22.877123,3.2967033,0.3996004,73.426575
Singapore,SGP,2021,37.845848,7.1146245,0.09881423,54.940712
Slovakia,SVK,2021,29.692156,1.6881827,,68.61966
Slovenia,SVN,2021,30.13972,1.996008,,67.86427
South Africa,ZAF,2021,25.610949,8.113392,0.19550343,66.080154
South Korea,KOR,2021,29.183268,5.1792827,,65.63745
Spain,ESP,2021,41.4,1.3,,57.3
Sri Lanka,LKA,2021,27.888447,7.9681277,0.69721115,63.446217
Sweden,SWE,2021,40.75924,0.4995005,0.0999001,58.641357
Switzerland,CHE,2021,22.3,1.2,,76.5
Taiwan,TWN,2021,27.7,6.3,0.2,65.8
Tajikistan,TJK,2021,29.4,16,0.2,54.4
Tanzania,TZA,2021,17.4,3.2,0.1,79.3
Thailand,THA,2021,28.5576,7.5508227,0.7744434,63.117134
Togo,TGO,2021,20.9,5.4,,73.7
Tunisia,TUN,2021,25.6,6.4,0.1,67.9
Turkey,TUR,2021,29.3,4.9,1.4,64.4
Uganda,UGA,2021,20.1,1.1,,78.8
Ukraine,UKR,2021,31.7,5.9,,62.4
United Arab Emirates,ARE,2021,45.004944,7.8140454,,47.181007
United Kingdom,GBR,2021,28.7,5,0.2,66.1
United States,USA,2021,26.368158,0.19900498,0.09950249,73.333336
Uruguay,URY,2021,22.6,2.7,0.2,74.5
Uzbekistan,UZB,2021,33.2,10.4,,56.4
Venezuela,VEN,2021,31,0.2,0.1,68.7
Vietnam,VNM,2021,37.14002,8.0436945,0.09930486,54.71698
Zambia,ZMB,2021,11.9,2.6,0.3,85.2
Zimbabwe,ZWE,2021,17.3,0.5,0.1,82.1